6991
3576
1415
4325
554
7249
8211
5196
8134
6721
204
2549
9273
5792
2155
1074
9111
1714
7147
6345
1362
5874
4939
1909
3142
6851
1346
2093
8838
8831
8602
2558
1636
7830
9192
9674
2104
7664
3708
9312
7795
5143
9210
9758
5174
8822
1628
7311
7883
2658
3217
9172
6052
8989
6026
6000
8009
1634
6123
800
7584
6794
1579
8359
6670
9112
2236
4288
5968
6937
1742
2588
1468
2329
2512
1537
4493
4751
8680
8394
9645
8468
2421
2677
1400
6631
2852
1032
4226
7386
7952
3726
2718
714
1994
427
8178
7999
9524
4500
9492
6647
9691
3810
26
6151
6460
8426
3658
333
5778
4901
4743
2439
3911
289
5748
8997
1756
7952
1683
2314
7467
8055
7136
2744
659
2707
5721
8635
2867
3205
3712
6166
4239
3047
5518
610
5122
1428
3890
8224
2504
7960
3399
6001
8995
2311
6478
767
9414
4048
7345
2813
3396
9574
8654
7360
3442
2072
5521
3909
4287
5076
9631
887
2264
4491
8646
5581
5555
343
1351
6105
2407
7371
3304
9982
9012
9498
5190
6421
7496
457
5342
1554
8177
7993
2829
6095
9687
5292
8423
1372
2852
4146
1221
5947
59
504
1429
8802
5982
7936
753
6370
2019
8841
2934
1871
2968
2207
9449
3226
3690
7958
47
1448
1985
3025
489
2134
1976
5557
152
6256
4756
4821
7132
2753
7549
9815
4300
9276
4113
775
9510
5013
1617
2073
7901
3452
2305
7153
2269
6974
8006
9005
6471
7225
5514
3601
7413
7116
7979
3112
6950
5645
3084
2496
9672
9435
239
52
5984
4710
4524
2050
1005
8547
3345
2030
5089
9629
7611
1895
4231
8735
1418
5928
721
1886
3644
1001
2219
6930
8034
996
4816
335
2326
5912
6848
3864
8144
8749
6073
6564
6130
6453
7045
7748
5411
1394
4273
3507
4120
2767
9994
6969
8700
8408
6902
6893
6803
9696
7672
3488
2643
9869
72
4627
7935
7694
1911
3925
1146
6824
1016
2531
5644
6679
9010
6526
8418
4641
3234
1000
3210
2544
6323
2557
9772
7685
7342
3405
2017
2131
476
8720
4302
2584
1117
5696
2266
7903
3517
3584
4959
6214
7688
6623
1305
4397
8984
9918
1914
5831
3873
7160
9005
8655
7538
4657
4658
1309
9643
3055
6129
663
6053
8893
1567
4857
6317
3569
1117
6993
5970
8353
1382
7700
4846
4153
2514
9363
7908
7550
6172
983
2235
7868
9986
1859
5707
3648
8777
3221
4964
2037
4905
7561
1728
5950
7318
5259
1935
8432
9147
5625
8643
2205
2597
4144
3095
7783
7174
4716
8225
888
2474
3789
8914
2897
3439
7761
4670
2798
9626
4275
1922
7198
7377
4287
144
3446
2900
9330
3808
8293
2009
7611
5700
8796
5726
1067
8050
2131
7107
3194
1700
7044
649
6616
9796
9944
421
4186
9862
6751
1517
4303
2480
9019
7842
4525
1914
1926
1152
8551
5320
6695
1828
6510
9660
1772
7207
9507
7407
2049
4712
8204
5114
3086
6301
2640
3923
8928
5667
1842
7359
1656
3771
1611
3026
825
9522
359
1822
7071
8586
6897
369
3921
359
7425
1377
4928
5581
9904
9633
935
6846
4841
7391
4154
565
3350
8
1002
8650
2477
2940
3579
58
3387
344
2531
115
6401
9991
2911
9458
1751
7251
5197
1009
6724
8809
1972
7401
2882
5072
3686
3001
1983
7959
2044
788
5866
7897
8211
3377
9264
7031
1180
5954
6557
8274
2585
2318
4946
4088
4296
7822
1320
2820
7168
869
2660
3124
1732
2300
9304
7231
1753
6917
8070
6493
6451
1909
383
7035
6948
4744
1549
7105
235
5131
6634
2560
3234
4919
9214
9672
6278
3005
8583
5877
2761
4579
5252
4251
6439
9528
6248
1178
7831
3349
2222
9239
6521
115
7282
3589
9868
1161
7306
8987
5995
4634
2095
4170
1105
6894
9165
9331
3809
4860
9992
9795
2936
4853
5108
4371
402
5788
7506
5672
638
2603
946
1417
2293
5250
5474
3383
9310
6673
119
481
4912
5198
7378
3617
1693
7946
4688
3581
9954
6033
5837
3319
7911
6618
356
2801
8432
1408
7678
931
5817
5069
7977
4439
6097
552
5121
1469
6493
7621
4246
4884
4832
9826
5669
2071
3066
7979
2053
4331
2307
4433
1374
7231
4069
8378
3010
1223
1874
4835
2626
1553
7507
41
7801
4131
1159
213
5782
3641
4873
2075
2120
9156
3702
188
1707
9435
5248
1421
9072
4074
1899
3489
5868
6970
4310
8835
4209
6893
4123
3790
4657
6492
1888
8853
7376
3443
816
6717
9799
1188
15
8074
8817
315
3668
5743
9189
871
2367
2851
2198
3530
5243
8135
7282
9112
1797
2148
5966
4441
2403
4266
180
6017
7292
9968
2982
1377
7152
6417
361
6212
7198
3787
7373
4147
1503
9482
8045
8995
8866
1510
8378
9606
7885
3732
7028
8022
2158
2379
7711
3534
5341
9305
2112
6482
6469
7106
4515
2018
1948
1912
9776
886
8062
5637
9356
8718
1852
5543
1242
8257
9443
8679
1801
430
4605
7232
2933
7460
166
1963
3483
8020
361
8553
6069
4490
7932
5074
4587
962
4522
5737
6974
3878
4461
8138
2902
8649
5230
3029
8990
4829
5773
1488
9189
9118
2310
6303
9827
580
778
3118
5917
8465
2043
9533
9457
2368
9847
390
4909
1089
1493
6658
3210
2068
6285
1937
2529
2757
1827
5785
9116
7249
1481
9685
6393
7203
756
2622
5531
7275
7210
2877
3860
4967
4616
1493
6718
4428
8439
2377
8822
8579
9015
4571
2128
9533
6903
7383
2009
381
3455
2478
2280
3200
5360
5749
734
8801
5601
1010
368
2097
1590
7689
4531
8049
1705
1510
8775
6359
751
6787
592
39
4841
5437
599
3073
7921
341
9292
8577
5179
1017
1263
9322
5477
1951
6765
7854
8415
8473
7047
6468
4878
6905
4335
7847
9215
8141
8379
923
7450
2410
8584
1334
1706
9646
4334
4745
8684
3531
7412
5542
7436
9997
8582
2750
63
9234
6617
8648
7704
8694
8285
2983
9143
7556
3486
6595
887
5772
1345
5437
304
3246
5596
3638
8737
9295
544
9182
88
2184
5075
4075
4347
9497
9946
1066
8072
4322
8133
6520
2578
5420
8704
1983
3096
4187
7285
8044
6511
9510
1847
1872
5082
3198
8385
4887
7397
5899
7129
8438
1719
8469
5804
1988
2663
1104
83
9983
1238
5092
8299
7228
740
3445
5375
1089
9145
2328
2775
5213
1180
8486
1039
928
6136
4820
6522
6761
1531
9594
168
6597
4134
1445
8299
3446
3560
1178
3415
2416
4402
7030
1545
8089
4335
5918
7342
666
1244
5040
8751
5100
3601
5959
1938
5385
6003
6852
3812
709
4946
8021
9058
7660
1747
1350
8633
1711
2837
1985
6934
2743
2854
2726
9947
5315
3633
5149
2348
4265
9657
4235
2540
5110
7467
4609
3731
9997
4177
4257
9792
351
1404
7604
1755
6379
7787
1987
8296
9056
5344
6588
2753
9164
2832
1864
8881
9945
9190
14
759
8622
82
6078
8376
3211
6511
1097
9859
2357
209
4041
5813
5484
7845
680
147
3964
8501
7923
1371
4489
4517
8448
5784
3628
6500
5847
8362
3077
8645
6163
8704
3742
3810
3462
4230
3303
8033
9759
9932
9450
8700
3470
8467
3793
7780
5202
3248
1811
944
9958
8642
3749
9258
9977
8680
93
5389
7460
2030
6613
8730
1115
4906
5705
2969
5
283
8327
4096
5042
4732
6512
5647
5200
6724
9431
4805
7073
1978
5413
4548
6093
8400
9326
9038
4134
2353
3272
6734
879
7664
5742
4449
3211
852
8715
8210
3623
6880
3175
5991
9041
4918
7142
1809
9290
1137
5238
2003
8928
3021
4574
1667
5030
7406
4312
7696
5065
4752
1784
7282
2898
3236
9334
5731
9379
8219
6920
3911
6383
3132
4087
7494
5331
7996
3738
8402
4735
3137
5335
2672
6599
239
9051
8611
3783
394
1721
6168
9812
5492
3287
455
9595
6595
6928
3847
8297
7370
1535
5087
1546
3701
6422
1871
4628
3158
7770
6297
5033
5967
6317
2360
5375
1720
8089
2072
6143
5844
651
71
1857
4410
7614
3757
8614
5639
9546
5215
9201
3400
3223
3615
6359
9395
5288
8906
7703
7065
4412
9459
4827
3350
9131
137
7077
5771
1908
1107
446
1161
2463
6368
6359
5314
3506
8413
7460
361
6472
2926
9140
3533
2581
2119
44
3583
2002
632
1561
6902
7606
296
164
8414
3525
6599
9038
7373
8124
291
1367
211
3106
6414
6125
449
5539
501
9090
9932
584
9498
9345
3873
8614
2784
2535
3770
8309
7233
2596
269
9909
6371
7034
2576
3470
7617
7487
7262
5066
5778
818
5254
1710
5000
2963
454
9104
2848
9600
2022
7056
4454
626
1906
4169
7937
3566
5887
7378
9187
3789
3833
2262
4099
2373
9855
2300
4535
8865
3232
1494
1426
4114
3870
8711
3391
4702
3030
3211
4126
1002
5056
9787
2126
5468
8631
4868
7964
7370
3294
9769
8571
2020
6428
8925
4777
1312
5272
2524
1848
2400
6096
6765
3781
9020
5079
4664
9193
7767
787
5686
9910
371
6989
5262
8053
184
2297
822
4135
8563
458
9277
6545
4621
1111
8901
903
4130
344
2943
894
3109
4225
5832
7474
134
4605
1537
2350
5608
1405
9188
6272
6972
1644
7195
9150
6609
9604
240
8788
1407
8635
9924
4616
116
6776
3150
257
6713
3132
2996
926
4192
9793
952
4298
1086
4645
9412
2271
937
6393
9231
5377
3798
5871
7384
6558
4426
2584
3804
5781
2853
5775
6810
44
276
3793
1521
1711
8907
9131
6480
1783
6985
6566
6437
8276
6085
1685
8493
799
3259
3355
5318
6590
387
7376
8435
9538
5044
7465
1954
2375
1876
5193
7208
8357
9741
7611
4347
8047
1283
3862
2977
3829
6248
5497
6286
9142
5716
3499
6915
9197
9256
3282
610
437
2802
1709
3326
488
8889
2434
6842
1152
962
345
8183
4833
1032
9173
3102
2409
3341
7922
8255
9078
7513
9762
261
7159
325
8893
4585
9172
6999
9300
4224
2531
573
497
4515
3288
9872
5229
8157
6485
9130
2705
4153
3457
1154
15
4697
8137
426
9318
5836
9485
1174
5818
5372
8600
2624
8450
5922
8305
5575
6575
2825
7212
9834
8178
8795
7756
5900
4791
8585
3922
9570
8039
4743
8597
3304
4700
4979
1588
1290
5918
2455
3700
5069
7784
4952
2035
7248
9820
7670
7417
6877
3253
2702
3290
1151
5733
9469
208
9250
9543
4104
4999
8089
4319
9748
3964
1354
5700
5249
5226
4187
4612
1288
5717
2448
2236
5005
3172
6890
4444
6933
4458
2330
1048
8221
7080
3898
8242
1366
3135
6739
7155
1993
8430
8571
8502
1443
6337
4248
7447
21
2913
3642
4540
6628
7616
7584
421
6840
75
1485
7137
7008
6465
2446
7634
8220
9111
1814
8094
5864
3062
3466
8682
5106
1643
750
7437
4904
7170
5655
6155
970
9512
1607
3525
2525
3610
513
3394
5346
6124
5517
252
6148
926
4030
1857
9771
9093
1024
1542
1988
8653
9570
5942
2708
5084
1593
1577
2020
9389
85
5091
9366
6204
5661
7438
4959
7096
5032
3894
4976
6373
835
2380
4392
7071
6944
2888
3188
1300
2655
5743
4395
4425
677
1803
6421
9131
3931
9379
4281
7353
8668
1275
9734
2932
8374
7226
4767
1283
2266
1122
885
6656
9682
3827
9831
5086
988
1252
2099
2599
1749
9230
6405
3455
1663
2478
8750
5754
6443
1746
2849
8609
2497
4289
7641
7319
9841
9369
4363
3426
4240
3989
2890
789
1745
5313
6182
7820
1295
6307
7249
4182
9127
3684
11
2321
3142
5352
9215
5871
7590
9175
3160
5130
3288
4263
1120
2393
7120
4731
3517
4610
2010
2783
857
3301
867
6581
9711
3216
9030
8088
1659
6182
4154
3453
3308
1032
1048
2818
2067
8726
9815
3422
8244
5126
7056
7870
6235
2389
8229
8589
3495
7852
7995
8249
5179
9287
1421
5731
5181
5570
1268
7201
1398
2099
2253
9441
9309
4538
263
4317
5302
8264
4358
3112
6239
3142
1814
1907
1249
1463
4595
1129
1841
6793
9805
3370
9935
966
1887
3893
3169
989
8130
8678
7934
350
9979
7562
4598
8912
7783
3080
2707
8670
3783
9188
7296
8256
4021
508
6262
4100
9141
5055
8847
3682
1505
3716
2687
2038
3296
7919
3271
4395
7120
8341
4088
1548
5735
7662
7889
3666
4241
8127
1518
2182
5681
2845
1878
3650
9155
4280
9309
62
522
2299
7036
6838
2136
2750
8623
6903
9829
3456
1700
6607
6183
2630
1247
3972
3511
704
4173
7103
3043
7390
311
3544
490
3307
6083
6905
1452
7843
1647
3919
6117
5669
7099
3007
5729
205
3202
1033
32
5713
4448
9993
8140
5482
902
8717
6008
5257
5751
3162
5820
4343
7097
5182
0
757
4567
7366
9272
8209
3224
3318
1137
935
9218
3953
2973
6151
3942
6685
8782
2372
4859
8756
800
2231
9378
7043
8526
8107
2528
651
5928
7976
5088
1406
8114
4531
3163
268
551
7906
2775
2203
7780
8684
4386
3811
3786
3917
3496
6200
8566
5361
217
4362
1165
8388
8913
9533
8229
2902
1538
6518
8232
549
2995
5321
4377
5934
6304
8300
9112
8977
3430
710
7598
7060
2271
2544
9068
7897
7790
1720
9195
7929
5707
6938
9898
6897
2216
7851
5147
3212
8788
649
4883
6758
61
9662
3963
747
7509
4161
8348
6662
7537
5449
8294
3030
8755
9242
3931
911
3961
1445
3873
2448
4184
5781
7617
2057
6796
6759
8728
9052
583
279
4642
5802
3919
482
7711
6826
512
9363
6432
9938
2782
4390
6808
9136
3276
230
2323
9995
2375
3491
3595
2397
2340
3020
5599
8117
6488
9918
8020
7128
3933
4682
5812
7313
8537
6588
7172
8108
4860
7587
8008
2719
8613
9097
9692
4068
3314
594
569
9895
4602
9748
9879
962
9835
7330
8416
7479
9076
5158
7343
1632
9202
1701
8644
5685
5799
4627
7147
9686
6276
7135
7463
7499
3140
4994
7630
6880
5182
2541
433
9275
2559
7902
7566
6728
1594
38
1287
5756
6345
2767
4855
7590
8502
1015
5747
6885
6937
7058
4878
7477
3350
7117
1188
7204
560
6009
9977
9413
2402
6898
718
6088
4545
4685
1897
7626
4615
9044
3383
4983
7378
888
4220
3839
2730
5303
7195
5910
4150
6188
8984
7762
8237
4795
6542
3209
4580
2563
1958
8485
1789
2893
525
6653
101
1887
4717
6846
4865
4771
8427
2034
5194
9530
1298
6062
7667
7153
5773
3749
6216
1700
6140
8901
8355
5010
8120
4317
2191
1277
7530
4682
9881
4212
103
1090
5955
2949
2707
4259
1745
9722
115
3433
4735
8130
604
6853
3628
8960
4420
3219
3668
2245
8089
2536
4656
3618
8277
6922
3259
2353
8915
38
6648
813
4959
6512
3118
1890
5051
2686
8112
3137
9168
9895
8598
1429
4639
1636
7346
3919
9140
6778
6620
9685
7094
2656
8184
6031
4947
9233
1273
9771
5909
8341
3187
4697
8645
2183
4406
4749
9673
2519
4022
5829
8392
8468
3585
9561
5896
5672
6990
4281
4875
5867
8419
58
4947
328
3768
5642
1796
7275
5778
592
8445
1282
1195
8984
8559
3803
1803
8731
3855
989
4142
1284
6938
9104
8779
7739
3129
1179
583
3036
3782
7353
6882
6024
2849
1603
874
8200
4791
2077
1591
3556
3497
343
163
5250
5656
1851
7880
1785
7623
8229
9089
8810
2258
6210
942
5335
7636
1922
6963
943
3661
7500
2976
2332
2965
4585
4052
8324
8106
3423
1929
4800
9574
7605
4422
2035
1442
538
8733
1972
1641
352
9702
2127
5532
554
6793
920
6367
148
1703
1774
8660
1118
6168
3360
2248
6484
3190
5190
6006
5224
3902
3402
4258
3214
7652
3981
3426
1322
146
2731
5474
835
7430
3477
423
5362
6123
7024
1416
544
3573
8063
2938
1429
8211
7100
7154
3202
2904
195
121
2863
3679
1381
4130
4601
5673
557
2529
4975
4148
7618
1853
5621
8968
5566
4362
7362
1310
9341
4336
7845
8786
1531
1977
5483
4249
1740
3754
3344
2298
7211
4015
7619
1659
4993
22
80
3389
3092
1522
5257
352
5860
3001
7144
4858
7114
6599
6816
921
1603
9147
3753
1550
6392
7905
8072
8436
4870
5018
4582
9400
9074
9385
4438
5914
3763
8447
347
2808
106
9211
9163
4116
4314
6674
1277
3042
4432
7611
9548
7202
7491
8224
3264
5450
5066
3440
9023
1995
7955
7369
1067
477
7474
8788
1409
7569
2952
3663
566
3274
908
7543
4705
2431
9109
4478
3584
1155
6755
4170
8111
987
2016
1635
3684
2193
2763
1558
201
5854
4746
924
5852
4543
6458
8267
2632
1365
1814
8614
7003
9540
5893
2860
2021
6882
712
4343
75
7445
9097
4011
584
6747
3927
3461
705
8378
9746
2823
8433
771
3221
3494
3433
6046
6705
3184
9666
9539
3324
4412
8038
9323
4894
9412
3940
1440
7230
5318
4149
8354
7529
6844
9541
7015
1354
3046
9330
7465
4777
1182
2793
5114
8759
6623
5148
6689
1773
615
4712
6985
5187
4641
8239
188
8002
6853
2882
9037
641
6471
4673
4363
6282
9257
5735
108
5023
8741
8095
2341
3089
5918
6136
5462
2857
6678
2804
3343
7631
2912
7163
3125
6181
4973
9749
2111
5573
2060
8375
1910
1726
7304
8235
4736
8894
1284
9883
3654
2997
9751
4371
5215
2084
703
6710
9646
7861
3484
3755
7883
4386
2669
1434
2689
30
9491
7956
6617
9730
41
277
161
9400
5473
5757
4181
5729
7808
3973
8673
2312
576
1829
7123
5047
2819
9311
6812
3957
2715
3585
8364
967
5449
6590
1625
6877
6518
7944
4701
1310
3224
7103
1491
4928
4837
2953
2162
873
9415
7778
7052
7074
101
1360
366
6540
7549
8223
8686
6909
2653
6815
8930
5629
8644
16
7343
4080
5315
8450
8861
874
4385
9180
8030
4705
3830
8572
7345
1313
5564
5545
3368
3967
5936
876
7382
9344
5814
1002
9689
2669
7082
2749
808
4035
7774
95
7542
3920
8489
696
4993
5738
300
7705
8917
8035
6982
6745
82
1121
7997
3599
7485
8463
7597
8813
4842
1894
5815
6592
6411
407
8673
6771
7151
973
2699
5564
1319
3412
8479
9227
6731
2146
9471
8674
8624
1746
9898
3437
6248
596
9812
4594
5104
4211
8185
556
2024
4334
3049
706
1746
1971
1452
1247
4156
1586
9527
5474
7406
6743
5248
2785
9681
7848
7304
1216
5714
3444
5329
3751
6723
9596
7325
6096
704
8306
391
9699
973
2740
8528
4884
1147
7300
9416
7685
1728
9860
7666
8865
4332
603
8406
4883
4228
6586
1095
175
441
6901
7964
6357
9149
9834
467
2410
1750
5669
4518
4117
9397
6269
9108
8954
7183
1893
1498
5169
4937
756
9181
3364
3751
2930
5825
5561
2006
9385
1835
6610
1685
7261
7450
2815
7261
9682
3426
4446
361
5899
7204
6949
1830
5571
5610
3178
3740
7041
9658
5998
7276
8746
7732
7376
2766
2533
3988
8931
8564
9446
115
2813
443
340
9745
8929
6641
9724
3792
1578
2372
9631
8617
1491
2623
3595
7435
322
5428
4023
7049
6072
8224
5064
6321
5113
8777
9357
611
7670
1297
888
4137
1623
220
5561
7494
119
3877
7615
1102
6957
7035
3495
835
2790
783
4683
1974
5919
3712
9093
2400
3030
5786
558
7075
5842
4762
9078
2259
1555
9472
9237
1528
3708
5045
4305
9281
2149
3810
7329
1049
1566
4590
8638
9072
6841
9277
8747
7424
7670
4438
2929
4851
3799
2477
5183
5315
418
7130
8567
1762
6851
5401
4908
1631
9403
9870
7755
2498
7298
5425
2673
5794
6321
668
4356
6302
3829
5525
233
3574
9656
2101
8500
9454
7526
7560
6575
8047
7543
8218
1324
4270
4696
8163
5478
6711
1938
461
4868
3221
250
7818
7024
6706
9604
8431
6572
2183
8889
3786
134
874
5654
383
7195
4910
8084
2655
9756
714
1243
8826
8434
2758
1431
1797
3519
277
1629
5718
8763
8860
2105
1274
2731
1860
8801
3919
4394
9631
1083
5638
5862
4018
5388
7391
7330
2971
514
3295
210
8343
51
8246
7354
4248
5376
6611
2633
5428
8465
547
3067
2012
2728
5643
2838
7704
457
9534
1387
3041
879
6863
1751
3337
1307
1380
1864
1934
8978
4489
3892
7230
2472
3661
9756
8540
7606
4147
3046
1673
2905
5489
7362
7811
4262
8352
7168
612
1963
2689
2373
9960
5017
7613
9766
5014
7635
3640
1934
831
5840
7342
866
9929
4596
1316
2024
6612
9622
9654
9925
8524
5969
2733
2286
431
6396
6011
2742
9114
5697
5632
5288
1797
8607
2917
1040
4236
7013
4411
213
9126
9560
8666
1312
5726
1997
575
823
846
7311
8753
4048
1098
2733
7713
811
7435
1566
2604
2133
643
7236
3408
9248
8989
4502
3916
6395
1598
3703
6952
4507
1079
447
3480
3884
6172
1594
3153
8646
8920
2233
8718
1600
3051
3449
8103
6895
6982
5283
4172
5708
7885
5018
9630
9356
7322
4700
738
4489
6971
7622
1906
1554
1199
8769
9404
72
8771
9897
5667
1587
2027
6064
9612
876
5202
7219
6812
5138
4457
3871
9335
3380
9646
1073
3133
4855
762
538
2465
4401
7708
3584
9881
398
8447
1411
6360
1184
7106
7693
9954
348
8673
8696
7433
716
1203
7639
4957
8783
7526
7084
5043
9703
5494
8059
8008
2062
6087
8704
9903
4606
9931
5045
2542
2254
8010
9535
6820
7789
9792
5047
6777
563
4488
1734
196
4953
5238
8422
5320
5920
4854
9397
5044
2656
8701
8851
8373
6260
2288
6132
1954
3297
7728
3464
1206
1058
7485
4172
5969
5210
4457
3594
4742
8477
1699
9042
5667
1997
1995
1669
8711
1746
8197
1020
718
6224
1283
3116
8786
8598
3635
165
7434
1258
5486
8236
4657
1026
2426
9151
4982
3390
2706
1764
6996
4821
3268
2887
870
3088
6257
5175
4772
6904
9079
2765
7945
5271
5653
9037
6326
1935
6148
7315
3383
7426
7902
2542
4007
7755
8414
4795
2084
4345
7093
2588
5787
8983
5629
5259
5466
6478
8099
2725
1812
7133
3305
6341
9431
6431
3933
3299
3734
9901
3800
5811
1403
2428
3735
6186
5204
5014
8147
5030
9483
7633
9279
8985
8839
4017
8528
5368
1889
7820
1916
6897
4125
3096
2479
8518
7158
5263
2620
6331
1330
9748
6552
1158
3680
3276
9118
4373
731
272
9027
5345
2063
544
5348
3348
7927
4124
5866
1987
8299
3575
1292
3183
5709
2597
9442
2172
5987
8176
6442
1350
9237
9187
1899
1105
1104
1301
9919
9446
8801
4768
9371
1961
5910
2671
165
1574
5852
8294
9786
6859
394
7642
675
9112
3072
4533
6992
1739
303
7009
6742
634
2971
6184
1396
6233
1649
4177
8287
1316
3740
6148
8781
5825
5581
5252
9014
18
8547
9785
5021
6139
6073
5423
3506
9952
7165
9013
8437
535
278
510
32
9172
7271
9025
5372
3994
1245
2345
8661
778
8901
5899
3911
5677
4931
7589
8057
4421
4190
6064
6988
1848
8108
5574
7070
2394
8804
9373
9289
6337
2966
5386
5538
9603
7835
2768
4312
4578
8712
1662
1060
5436
2499
7724
4448
7586
3790
766
7485
6669
4279
2026
1555
7870
9108
1419
1253
3599
966
886
7334
9102
8785
4095
1149
9972
2540
7431
5921
2999
3474
7539
2057
8083
7151
2439
7097
3451
636
134
5860
7731
2841
8699
9624
5715
2821
4806
6770
3862
6914
9313
5139
8740
6855
3702
9833
973
4024
1973
9815
1034
3259
7911
9718
9168
5479
2351
7045
8971
6297
9612
6976
3827
7164
7464
9587
461
6519
5614
1983
6098
5316
5119
6786
8415
1925
8208
7071
3451
4786
9010
8194
9715
3856
6302
7107
4538
8218
5011
7610
170
5036
1197
6540
4437
9718
1652
2677
1532
559
8168
2072
6424
8106
4498
173
2749
1883
865
1553
4445
1093
8390
2865
802
3286
6850
7370
8952
4005
8804
3829
4132
642
1275
5024
5618
6102
6613
2037
2856
3762
8060
1122
9349
9281
6971
8438
1873
9424
7183
6758
1553
5755
9509
3369
1899
670
6256
2150
87
2341
77
4013
7019
6177
8727
1717
1700
3791
7922
5592
2135
3398
1205
9153
4447
1633
2005
5619
1087
1342
979
3189
6185
1044
422
5597
4087
9004
9238
5388
4824
6337
9693
396
6053
8163
8894
477
637
9511
4140
5788
2150
5844
2563
1060
7309
5619
8357
7604
9523
6811
9938
8989
792
827
5423
1792
6230
3611
489
9752
2729
8114
5314
2566
8140
3653
3168
9060
6775
1550
7597
7224
9855
3797
8573
8318
3142
5248
5911
8712
2125
9173
4326
3898
8680
2650
470
6600
5622
9130
1614
5922
4216
1659
6519
3798
9871
7966
4649
7453
9271
470
8411
9161
567
4873
8400
4692
438
8905
4630
7345
7047
1474
1641
5316
7502
2794
9361
2562
4047
7172
2845
4747
2087
2104
1065
1839
7871
1462
5606
8453
9491
8594
3378
479
6027
1891
8237
930
51
1547
7541
8708
6971
3518
8466
9970
5368
9376
8319
8126
2622
9016
9462
1636
8087
7369
9397
1126
860
4956
4038
4330
1809
1604
9027
4637
9515
5358
2992
8359
3189
5222
6052
3784
216
8760
3898
9779
647
7974
7711
8949
241
1873
62
7230
5433
1202
8628
6133
8602
1428
2420
5523
416
697
6742
5314
4205
4401
2923
1578
5962
6732
7590
3761
4438
1156
2254
608
1187
7303
4081
3806
6719
3110
1135
7422
7093
388
7515
7537
7284
4902
9071
1177
9951
9278
9989
8652
982
4351
1528
8715
3532
2474
2981
6877
5880
3485
1477
6537
2722
4322
7977
5652
8060
1082
7080
7985
6689
5883
4910
1721
3451
9163
3290
7157
8417
3985
1200
564
6504
4909
367
8478
5896
9653
9259
4755
8552
8128
3749
5731
1421
5210
8240
3272
6977
8144
2647
8388
758
7397
5664
3473
9566
4779
3605
7625
5309
3376
4230
8191
8109
2833
3716
8282
6167
5357
7357
7712
7514
8458
9181
7925
9529
535
8625
7939
7155
550
6050
702
3166
1214
4010
3834
2138
4697
8893
2362
9846
1904
7335
5799
813
8879
6616
2835
1023
8997
748
8462
7619
4318
211
4225
2743
8292
5893
3480
377
1883
9666
7091
2568
2853
3190
3592
4510
4933
5182
6383
7107
3820
9196
7628
9051
6706
4957
6389
8335
5913
1739
6785
9312
314
887
3499
8053
1908
5812
2285
2050
7947
8823
463
4648
7426
6193
9092
8258
4270
6540
6600
4086
5692
7758
3002
466
7596
4997
5605
1156
6283
9266
7826
2870
7333
7216
9777
9800
3986
5592
980
4405
1772
7559
7958
7307
3612
9185
8923
4098
5524
252
9464
169
4424
9924
7413
3909
9186
3104
456
2333
51
8861
9114
6116
5449
4287
1157
4680
3688
9609
4820
2055
6614
9213
7046
4177
5578
6221
7734
6334
412
4667
7666
2621
4009
5106
2395
8590
9086
5523
6950
3798
9839
2870
481
1938
57
6723
7587
1041
2985
4985
1826
8663
2352
3605
5121
1813
1769
6262
4064
360
2990
728
3722
7710
3439
3606
1577
6655
720
8218
1436
3734
2615
2242
6818
9796
5962
1228
2673
6626
6519
5519
6900
2653
7263
2248
2050
6709
4624
8872
3052
7888
6290
7262
5484
6993
3685
8151
8167
8731
5821
8471
6967
1478
6846
1830
5136
6395
9343
3947
3232
6205
3970
9551
4856
2128
416
7388
5876
2245
2309
9084
22
427
3743
7780
5161
1999
3561
1817
3442
9876
4647
2000
2081
7870
1917
1857
4135
7755
2658
4058
5005
5931
5528
8257
6233
1264
957
3554
4062
5116
770
9497
8611
5984
2214
8094
23
7746
4243
2114
6774
277
3737
3613
1796
8607
6686
5428
2457
9582
3111
3050
3864
7782
8296
9688
9284
9005
8807
3403
955
8984
5951
4569
274
3090
5515
7736
1954
4631
8721
1360
1196
2902
1263
6113
5551
6729
1481
6576
7618
8584
8613
5277
3722
9719
6259
505
5302
6049
5938
548
1879
3756
4183
1735
3115
7988
4035
379
1021
1906
3555
8491
8314
905
686
9966
8559
5457
9142
3379
3398
7654
6758
5818
6438
3161
1913
8498
2107
5369
5989
4263
709
3315
874
8914
9379
2198
4528
9152
5986
1951
1781
3491
7216
7173
1084
4424
3150
2473
5294
4166
2283
5296
1956
9112
5507
8134
366
9065
7455
2368
8954
4434
7789
2517
3776
8820
6637
9220
9156
7689
5308
1798
4039
4380
336
7791
7240
2325
3132
9289
6427
9287
4288
1078
3442
9593
972
6446
968
7150
1297
8566
3240
5036
7490
6927
4141
4325
8506
9399
2401
8402
3516
3619
9117
1216
559
5267
6171
9044
785
4437
1811
1168
9144
9832
6740
1224
7276
5998
1470
6365
4704
5793
7563
3638
2088
8455
1854
573
2475
5433
48
5544
8047
9606
4786
632
1149
7859
9434
2066
4249
832
6505
3269
4413
1787
6134
6507
1892
3813
625
4968
5641
2513
8934
7589
6131
9742
3682
127
1673
8567
2053
7629
6477
872
1439
9256
2468
1517
3963
185
8919
5660
2611
3356
8306
5394
5056
8842
9313
5646
6429
5853
6222
1984
1103
5344
5782
2049
6267
5028
447
2920
5788
5632
8213
3485
6169
8360
6064
4540
1406
8271
3910
2876
5828
6608
403
2390
3912
4103
3963
3757
3360
1042
2037
594
7282
3197
3800
2986
4532
3682
5275
5208
142
7590
6921
6726
9604
2932
5084
7768
8680
5551
7834
3046
6688
195
4997
862
9197
5326
989
1046
9920
2078
4189
3305
1734
3967
305
7660
711
149
9069
8504
1296
3874
9578
6260
8825
8323
1721
583
4113
217
8198
3029
3917
5476
1763
4108
1812
9283
5921
1957
8886
6465
2237
5702
2185
8397
6352
3215
5980
7172
9141
7800
8542
789
2267
6694
8453
7733
8399
4918
7922
2387
5734
5373
6239
9562
5309
6163
7335
9052
3097
8874
1370
2096
8815
369
9760
2175
2592
1663
860
5229
1903
3129
9113
68
1885
255
7730
6897
5688
6687
6257
1486
4980
3219
7328
1684
3118
715
330
1070
4600
2440
2440
4612
1389
8385
2579
78
3457
112
6145
4689
5493
8969
336
4632
5906
5933
115
4687
8312
528
1657
8275
8946
598
5834
1637
8590
8915
4962
8160
449
9000
2752
5397
5295
8281
2799
2042
5888
3454
977
4941
8860
5541
1828
622
9199
4603
158
7965
6990
8277
3353
8326
9320
5921
3472
536
9506
2536
8590
9611
1254
2354
7817
5985
8805
4547
1799
9137
4668
7535
9619
3233
3050
1224
3063
1481
1602
1070
7852
1877
3006
9003
9098
1365
9937
5506
237
2213
5952
8019
823
9152
3675
2571
4274
8141
4837
4103
9582
7392
6197
3066
9413
6566
3758
3490
6288
1433
9631
4838
1288
4160
7685
1474
8602
9192
572
9773
9118
6000
5327
4595
7936
1442
6978
6790
5208
7782
7265
638
2786
8258
456
7796
4344
2064
6678
8371
7616
9956
3037
1955
7600
9868
3188
9551
4807
1449
7539
2897
7917
8454
7090
5126
6685
8011
8920
1533
7731
805
8893
8050
6446
5975
5441
8257
4425
7331
9106
2914
2788
3095
4126
2880
7816
5162
5129
355
9641
551
1556
8974
7783
8540
8476
3298
2082
4173
1101
1846
5467
2551
4171
8941
4313
5793
3701
9921
9471
9772
2269
377
8891
7103
2668
4804
6341
1465
8001
1193
8321
3814
4651
9509
1319
4510
4270
4093
9299
9398
8233
4570
2417
4878
8211
5910
7127
7812
5520
6724
4461
5431
6151
9980
6728
9811
1852
7542
5878
4364
721
3672
26
2331
4918
4910
7102
681
8571
4756
9172
8992
460
6148
3420
7439
6026
9823
7244
3737
5365
2242
179
1976
8660
7980
9376
5978
2386
9356
3537
3053
3744
4671
5103
9334
5228
7349
9734
1119
91
6638
7499
716
987
2936
6085
7586
7015
3020
5454
5535
9727
2038
8773
4135
3018
2211
5939
6290
502
4709
7570
7361
8655
8820
1897
146
8466
9258
1305
2907
8958
1036
9048
7651
4383
7253
7953
2843
7614
5433
384
7663
5246
8770
3394
1474
7137
9087
7059
1534
975
5325
5442
8287
4564
349
3679
4375
3566
2125
778
8223
3669
4833
3101
6043
2712
6508
1457
5089
461
7887
7704
6610
8576
4973
5427
739
6770
5038
316
6233
348
6166
393
2905
4770
880
2272
2257
8402
2504
8390
248
7462
4356
7297
1336
6930
6919
1920
7387
8224
8805
6275
6217
567
8127
2446
9140
1187
2768
6727
8
6637
8975
4883
2780
3593
9889
1274
7986
7139
3293
217
7014
3179
7309
4483
1499
4207
8726
6383
3701
2909
9980
3913
3397
7211
7887
9060
1826
6786
9496
9584
6746
1888
54
8457
3919
7854
3185
2917
9883
4278
8257
384
7287
7721
7869
3557
6203
2558
5047
7571
6566
380
5249
6137
4225
6868
2422
8557
2728
6798
4406
5401
8887
1010
596
415
335
1884
5340
7785
5196
1726
3354
6859
938
828
1125
3128
3321
1726
1947
9290
8803
5001
2745
6250
702
7673
8372
8315
9169
5049
1540
249
936
5791
9260
391
5544
3636
1128
6526
8852
7686
4749
8756
1281
5982
8921
1020
7950
68
6051
4744
2349
1175
9762
1216
9218
9729
3114
9515
8626
1805
4639
3952
2181
9114
4515
3796
1448
7125
2785
1293
1545
8277
812
104
3814
4395
966
5643
8624
3470
2243
3295
9479
4590
6230
1761
6355
4072
1057
3288
9997
8690
4298
9909
2068
320
1229
7416
5100
3419
683
2333
290
5647
8482
668
5787
2856
6956
7352
8210
9050
439
9748
134
5774
8809
413
4413
8956
9391
8003
6099
7629
7091
6786
2398
6585
8051
4782
2866
6833
7300
8904
893
3288
2645
9667
3989
2540
6755
9910
6740
9865
5300
8454
8422
1302
1680
8334
3574
3264
5872
844
7594
2294
9371
7995
190
1616
5349
8018
7923
6961
2255
858
3079
840
9129
1931
3258
9899
3695
2970
1663
8080
1794
2185
3828
3292
4520
9509
544
5994
7025
5663
7857
9445
9430
8789
8401
5321
4804
3839
9955
1705
2736
415
1164
2526
5700
8
7221
2799
6365
5583
4955
1805
6927
8357
179
9895
3743
8164
2661
2449
6867
6096
6310
3703
9346
9112
4826
3540
4063
2423
62
1832
5499
402
3085
5383
5272
35
5073
5175
2810
5775
7230
4841
8370
947
6092
3895
7035
2304
3751
812
7705
2045
8014
1758
5177
116
852
7624
6091
3913
1508
363
8103
2223
6781
5242
67
5453
9627
4011
8894
2050
8115
6519
3858
8860
9703
9273
4941
7561
9392
6273
5821
5800
4033
1725
7116
6439
4862
8048
893
9404
3538
3971
2768
3536
3758
6670
580
3952
8633
890
9517
2453
562
4678
371
5080
4478
9188
4246
5341
7355
9765
9867
3215
135
9236
7403
3962
6303
6503
987
8525
9704
1934
4708
7610
112
5183
4419
4551
1747
3807
7584
3603
9294
5932
3772
858
4430
680
9474
3433
9673
9691
1936
8923
2284
2691
6782
999
9434
5083
2549
2040
9679
8269
4799
804
415
1876
6769
2865
9282
5623
457
6504
4039
4102
5670
3520
717
5057
5898
4300
3527
4829
3663
9988
4004
3595
1071
4052
4649
2591
7545
7758
2358
9453
1338
1627
4235
7136
6971
552
9911
447
9288
7280
4889
5703
2434
8344
7550
2040
1083
6513
201
7653
459
599
7533
1843
2794
5249
5508
1862
4895
2482
6416
8833
8676
2429
2479
9421
9001
9967
6625
1211
8729
3695
445
5912
5422
4636
2771
95
7024
1864
9080
6827
7217
858
3095
171
8134
5088
3485
9848
6990
5062
2170
3084
6393
5165
4321
7106
1404
5999
6767
8144
9692
5589
6578
1306
6936
6484
7721
400
9445
5025
6924
1192
947
2878
9882
2675
2687
5610
9357
5366
3511
8660
4093
9202
9064
5286
6613
4866
5501
2800
1025
7089
3606
6472
7270
5705
9720
9772
3036
723
4429
840
6783
8832
5736
4478
8580
4440
12
9001
7745
9381
2362
56
6954
1535
2291
9030
1513
887
2734
4401
9689
2327
3378
7193
9809
6721
876
6427
1643
6854
3849
616
2487
9087
1737
1531
7974
2106
2144
2714
7418
6534
4980
8562
3018
4380
5655
2815
3770
6725
744
2352
7353
544
529
1730
3136
8719
1045
9353
4383
9970
2545
7444
5408
8628
6353
4551
6377
3793
4205
1631
758
8377
5159
9968
984
3945
3408
1735
5681
5446
3085
9217
9093
2439
686
266
4458
5893
1321
9032
8719
3214
1871
670
6559
8625
5615
2358
852
4584
205
3324
8369
1570
9929
509
6778
9921
254
5828
624
2618
2675
9080
8373
6384
6027
2507
9
5218
7021
8368
7652
5371
8224
6382
4304
5593
634
761
1023
7994
9992
7746
4572
5583
4596
7071
8527
8152
3528
4941
7972
9238
611
555
2708
6770
4806
2038
4099
961
2468
1534
4460
4741
8691
5424
1961
9791
4227
7559
9086
7476
5650
2997
4425
7530
2965
3374
1210
4412
5752
8780
2166
2797
8108
2674
1350
9186
4922
5946
9219
201
4835
6857
3238
2382
3229
3606
5861
1334
9400
1884
5981
5140
1245
7829
4073
2828
2865
3290
9455
5242
7047
340
216
856
4055
5891
7411
67
2942
6963
3254
2228
5801
5624
9947
104
8836
9106
4688
6061
8489
1083
9389
934
6450
1263
7021
8432
1032
2573
7979
511
1832
5956
9042
721
1375
3030
1365
2822
2768
6582
6270
3891
5278
6471
1835
9466
2883
6307
3079
8580
375
3258
4969
1385
9050
6417
8759
5969
9060
2164
24
1112
8336
1646
7748
5848
8668
909
7884
7882
1444
4600
4765
8911
8801
9668
2688
8671
6371
8221
360
3491
7798
9576
3458
8277
1762
8230
1410
887
7982
5339
1125
3012
4289
3128
5906
8059
1258
9636
9089
7772
5053
1787
3368
8954
4010
8093
411
4973
7714
3834
4490
6105
5343
5821
2909
8756
7771
6688
4243
278
7112
3365
7975
2004
4391
7743
7154
1414
241
578
9390
7765
1102
8
918
4753
1895
4203
6856
7545
9254
4812
9751
7098
989
3648
8667
3987
1007
143
5175
2790
4134
2323
2183
5675
1519
5803
8442
2026
1722
8793
2165
4746
7180
6302
1302
2107
5369
8637
4217
6255
7316
5769
8950
3274
3415
5922
61
4211
9920
2386
892
6529
7749
7716
7492
9856
523
3167
180
4921
3022
2379
5938
7771
1149
3651
3161
3885
3213
6830
8895
3822
9873
8087
4994
8967
8367
5473
5284
9590
9588
8698
8412
7198
3586
35
9162
4340
3220
4550
8710
8896
5081
5755
546
7458
5466
1590
6742
2250
3885
8289
1905
152
799
3928
1870
5526
267
4624
2493
4509
7957
6279
8979
1943
6079
4004
4484
2914
4152
8540
3779
6973
8833
1281
1758
6772
7286
7476
4646
3166
2042
3687
9298
1046
361
5132
5919
8743
6963
2487
1998
5463
5496
8393
519
5548
6882
2757
7734
900
481
2176
4817
7256
3036
3155
956
7864
156
1767
1043
7692
8663
7967
4864
1009
5904
2752
7018
45
9145
6390
7449
1786
5219
5152
2823
6814
8501
5216
8079
3915
5215
2363
5554
3509
286
377
4660
5386
3405
8443
6509
4872
8769
1243
2192
7309
1688
132
5765
4480
1934
5655
1569
3696
7741
3458
6133
7697
8016
2594
9258
2376
4441
2517
2881
7126
1533
9099
9702
470
4180
9241
844
1222
464
2010
4201
3961
7336
7486
8540
1789
614
5830
186
3820
5198
3105
7952
8199
3488
2099
728
2377
1645
3347
1117
107
5552
1126
7389
2224
9418
7660
8099
3999
9567
631
3523
1883
2079
8617
8301
2826
288
7078
663
1832
9637
3473
243
7031
4325
7994
855
8132
2211
6012
9296
412
4027
2365
3611
5833
1023
1365
1906
1174
7316
8333
4083
1530
5656
5582
9639
2073
5158
6344
6847
3066
8555
2154
3115
6884
3904
1384
1453
8149
9884
6335
8566
30
905
6281
3963
2611
5870
1132
3199
8795
5830
7400
1235
1533
1079
718
5560
2674
7517
8840
3599
9433
8645
449
6641
642
3447
2547
1507
8311
6283
1556
10
5712
7568
837
396
8025
2489
5088
1525
8524
4822
2750
192
5672
1452
8582
9094
8335
6226
4180
606
912
9718
2039
5562
360
6965
2914
648
8800
4884
6513
5377
1199
5735
1910
2348
9992
3858
9666
3595
4428
3837
9921
8334
2265
8814
2099
5249
4959
8718
2145
4509
3476
5578
7378
5484
2108
4887
2901
1143
7207
8746
1616
652
3297
84
6210
4510
6813
9046
3186
8626
334
4590
2442
4104
9724
8355
9430
3129
8251
4044
9007
1812
4663
7561
8150
3422
9481
5365
1448
167
5327
4817
4141
4119
8223
8222
16
7012
2747
7496
9715
5095
8138
4707
4080
1916
9939
9140
8751
5621
4118
3128
7304
6661
9749
1445
5624
4931
3043
184
9092
1192
7311
1372
8109
5281
5355
8557
4280
8758
5562
631
89
9890
3976
5929
5254
3821
6251
6379
3374
6848
7767
5533
6997
6829
9661
9428
1250
48
3484
7598
5716
5271
8018
8285
6592
440
4592
6493
6547
8694
6195
3839
7948
6699
5718
8725
4958
5386
6236
5725
9966
4976
5944
3666
4404
1565
816
5100
4575
9435
6584
9146
786
8262
2213
4373
9033
8765
1511
7970
9323
5890
4744
6974
2117
9736
1322
9905
9000
9713
553
1517
6710
5142
5079
8350
6955
9999
4651
9577
8883
7624
9941
1388
3041
5589
4661
9218
6594
9121
8741
5941
2797
4179
5368
8225
4227
4259
9402
9311
4901
7259
6511
3491
3886
4269
2787
4711
1483
9431
4994
8260
5122
0
8211
4590
2506
2549
3208
1653
7123
1797
897
3590
2185
6767
9870
2725
6737
1881
18
4623
905
9152
1914
4404
2270
3332
6740
3959
4970
4782
5566
1857
6495
5393
3911
8754
8713
1815
388
591
4956
4721
4297
773
9326
9754
448
8583
1741
9110
5230
6284
3096
6980
2837
5381
9606
9410
7767
6267
8965
6835
3522
2334
3301
8591
3142
5046
6928
414
1677
6388
5718
3659
1727
3423
926
6179
6125
7046
5287
3835
9785
4158
5083
1404
2739
9221
6523
9922
9904
6500
5392
8667
1754
4908
5779
3079
7804
9248
425
8833
5341
4550
2362
5264
4662
6249
6452
3003
5810
78
5268
4699
2966
7324
8717
6859
486
6560
3176
183
6811
4043
7195
6039
8469
5523
2597
3607
1314
2333
3889
8953
9071
6192
5541
9870
5757
5780
9600
2735
1969
2874
4470
5623
5093
1014
6992
9568
8881
7901
9567
4948
8193
3409
3817
870
7234
8264
2681
394
2559
1568
4160
8425
200
1143
9682
6156
9799
9961
4275
3183
4099
1207
374
3829
5138
3646
7889
3541
9326
41
2968
7778
8990
6150
5267
7503
4263
1658
3409
7041
4076
6345
8209
6298
1632
4514
2785
8937
8346
7772
3285
1454
8893
7503
1718
1726
974
5098
6552
610
1419
8486
3313
554
8990
8243
703
9957
2933
2295
926
7978
5955
9289
8886
6838
1530
3189
2779
4261
922
9958
8179
2898
3667
2246
1960
5747
3044
2172
9399
652
8064
4916
7487
2590
9154
2825
3367
7414
1281
2022
7895
6575
3143
5739
9804
6846
2098
2275
6903
2084
5912
7206
2512
6292
7709
9328
5065
7569
9746
8291
2202
5366
4791
1191
1715
7842
3401
2236
838
2814
9123
6543
3310
3847
8425
5283
9944
9149
7112
6764
1275
4434
6562
9467
2353
8882
4420
8575
7425
9341
1027
8826
1077
9539
7367
678
8685
7382
6335
8984
7680
9783
8571
2200
1699
5530
4180
9866
7096
2298
1545
4811
6405
7249
7229
1536
6593
4783
7215
297
2568
5207
5687
9412
562
3988
2736
6816
7445
3453
7763
3100
4073
2126
8495
5651
8335
8684
2425
8080
967
6586
3345
9266
2036
8850
3224
1421
7496
6196
5895
5496
1925
3424
7675
3695
7279
5283
6024
8453
6064
8671
3144
5370
2262
2212
6527
1918
8250
2119
2355
4445
8112
2043
1084
7287
1719
4343
444
9695
2543
9585
9210
9045
8915
2000
8220
2386
6349
6107
580
7850
5154
1206
5502
7106
8508
4221
3065
9027
7258
2536
851
8233
8764
8187
8004
7484
8126
3667
3243
8707
5027
7825
8716
678
6987
877
7686
7092
1908
783
3328
1746
6070
7236
4868
8563
3429
4174
3362
1798
5102
157
1595
1107
572
4043
9848
9407
7337
756
5183
7153
6125
3037
2964
2269
3378
3730
4606
6495
9812
1882
3837
7172
4861
3153
7456
9894
1075
2913
5287
4062
5174
5193
4930
1562
8344
8121
4401
2169
7697
5968
2222
5820
5534
1257
8639
315
3128
1352
8159
7856
9943
5091
9325
8217
7994
3549
3835
2243
1800
8359
7173
2169
8211
2352
3039
3377
4660
8097
1846
4622
3058
8880
7383
6838
1417
5874
6075
3412
3827
3918
3868
8800
860
7267
4212
6329
5923
3207
4646
575
1201
2508
5572
1991
4447
5998
2587
7231
8992
999
9665
3264
1780
9577
1929
5569
4695
1884
4600
4597
8394
440
7744
7962
237
2459
3429
956
15
8637
7492
6378
3685
2174
8986
6953
6955
5240
8652
2132
6605
2992
5712
6385
2446
8764
7357
5254
4267
4545
6220
2702
221
5975
3546
9173
4298
1335
514
5383
9902
4425
927
7735
8814
1621
6710
8224
9968
7030
8344
4158
5529
6222
3252
5866
5445
6960
426
8519
2510
2498
6428
9317
4480
9516
6985
9301
8585
4244
6689
2414
8546
5687
4706
8911
9686
7791
273
2720
8307
735
5756
6041
2547
268
1465
9257
1647
682
860
1576
9232
4557
9387
4630
6962
2828
3118
6705
7405
6066
3714
5387
5604
4230
8507
8729
3109
1932
7609
92
2221
7751
3624
7302
399
8030
536
5489
7288
3232
9003
2927
4278
5583
4202
9443
5781
6016
5309
8344
1147
8816
8740
6457
1975
915
388
6300
4313
7783
370
2411
3775
3849
2985
8788
1586
661
1770
7575
1198
2725
9667
7584
349
1973
4353
1123
6385
9655
819
259
8178
9603
7440
3665
3484
818
3375
7886
3257
412
3176
9100
284
2489
8706
1311
7743
4678
7656
5608
3005
7511
1850
8801
9227
771
8719
4818
7766
9907
2617
2398
4270
1161
7679
7457
6591
7533
6785
415
3616
1345
2866
6881
9857
6682
2311
5618
3374
7484
5820
4346
6778
7996
7843
9627
7069
2799
4191
8195
1039
6359
5777
8102
3082
4411
7571
9643
8936
4334
9839
5866
7554
1088
4676
7427
8239
9131
7529
1329
5252
6512
6799
5161
4756
6776
4304
2706
821
3556
4192
9587
3112
5076
3205
4500
6393
9055
6643
4344
6536
5097
6434
7483
8054
1590
1715
3258
2395
8565
4451
6676
4342
5873
6346
7429
8416
4364
655
9089
6146
5795
5992
8678
324
5707
2670
1027
9244
2505
2438
3940
3952
2440
7663
5011
6634
2827
5104
1331
2681
9908
2387
9153
5794
1742
5259
7461
133
3127
7351
1429
8877
3323
8619
6330
9924
3555
2988
6432
4965
3191
4042
531
6200
4942
7880
2273
1057
7513
754
6406
7075
4493
6792
5277
50
1830
3100
6330
8479
1976
1512
8245
778
7500
9609
373
5648
7419
6974
8381
894
1080
4358
4264
3795
3606
9947
8299
2228
6591
9056
2000
2634
4830
8352
8748
5427
1111
8575
4864
1049
5292
4488
9854
8325
4232
4675
898
7954
7979
1676
5293
3897
9663
6772
4181
289
9310
1409
5764
7792
8038
5854
8065
7001
7305
1741
5948
1682
9186
5217
6634
383
3470
9739
6741
6231
6801
4843
3275
9930
4239
745
9163
7266
955
5615
7691
1911
6641
2251
7046
9829
1135
9696
9268
488
7725
2541
3544
6848
4533
7954
1495
9895
4713
2753
2637
8566
1912
6843
6231
3909
2282
6583
5794
3344
5712
570
6987
1459
6349
2561
1900
4435
2814
3666
280
3291
8145
4917
6682
9850
4289
9806
2399
2353
3292
2573
7649
632
9909
1235
4597
287
4702
5810
8220
7830
1521
4021
6248
1056
4746
5885
1538
5692
7977
5240
2809
4078
2667
5250
672
981
2167
7769
2273
4450
2382
1330
4263
5059
6817
7078
2443
7299
8812
4958
8344
5108
3012
1991
7086
2277
5817
8270
1269
4148
7382
2737
1301
4098
6879
6870
6766
5082
7130
7814
4889
8239
5180
1086
3091
2532
5560
7044
4754
639
9774
2237
4289
9899
4536
2909
8458
7379
8136
721
2632
2179
1300
4430
6939
3812
2696
6882
5738
7706
5446
380
5999
5751
1536
5250
4135
4577
6736
6851
5537
8436
518
616
2156
1755
9264
8081
4643
156
3166
6596
5056
2037
6856
4690
9443
6920
3853
9615
7280
5480
3086
825
4024
4484
650
2909
2543
9578
2487
3152
4386
1988
3311
6403
5937
9635
6308
5123
8784
6433
1488
1266
2784
9946
1481
2870
2422
6149
2507
9740
5037
7434
9583
2990
5086
9414
897
5841
367
1757
5462
397
6153
1824
1091
4321
7187
4026
8493
3963
2548
7789
1966
5276
6702
1316
8764
5920
6587
7188
9480
1071
3983
1629
5450
6894
4629
8208
340
3479
612
7439
6793
1632
8386
5623
1597
7022
6154
5590
5482
9826
1380
5424
9679
4998
4896
4616
1780
3859
1263
6612
2733
1442
9331
9228
5731
4781
345
8707
1437
7357
7985
5583
510
251
5135
8645
8896
4495
667
5065
1760
8746
1099
6359
5430
7815
3299
8089
3013
24
431
9692
3543
4360
1638
2517
3643
5605
4268
1250
1476
4811
6333
1129
6136
1632
3678
6869
2683
8672
7719
4600
6379
1693
7891
355
9305
5199
8993
4797
1874
9187
2252
3081
1544
8334
149
1729
8464
3765
5452
806
792
7619
6879
9925
8683
7596
5070
3091
7854
5040
2091
4367
9352
4042
3787
6124
1023
6181
3881
5574
9411
5602
8977
3076
3528
7953
8390
3571
8506
2467
8568
3675
4596
4496
6732
8624
7635
7018
9279
489
9489
7563
7972
5729
7870
1946
3588
3974
9203
749
8935
5269
1343
9927
320
8996
9100
165
3031
370
3552
6
6071
7056
5107
9012
6637
8816
2048
2850
7177
4692
2638
2136
2075
3324
947
9651
7185
7464
9271
4263
1965
4961
3409
1932
1995
7492
4479
4543
8866
2767
1127
9395
3339
9828
2271
3058
6236
7648
7028
8132
9203
8948
7007
9527
9533
5945
3818
7912
3068
9343
9584
6047
7650
3153
9848
7799
7143
1102
9217
3392
94
3829
7763
361
5085
3149
1082
3173
8698
7744
7225
6675
7169
1355
3802
8988
5357
7523
5552
3088
8391
821
4733
7808
3968
1385
3222
5403
9942
5315
4461
1498
7314
3612
2681
3993
335
5567
8670
7140
499
9959
3941
7880
8228
1451
97
8997
114
6882
1401
9710
8174
1900
6666
4084
265
8108
6312
3320
5958
2140
8803
954
4188
1479
8454
8715
5211
6329
5301
9715
500
3490
5029
3301
6858
8762
5522
1614
1558
6101
6458
6487
214
3479
1085
4931
7338
2869
7474
6111
9298
6732
252
5158
5911
3608
4655
4860
5346
2947
5123
8114
2420
6321
8420
5983
6760
3858
9272
2598
7178
6014
5309
8551
7604
2302
4542
1538
9876
9722
1933
7874
4430
6245
9253
1397
5238
9112
2145
1895
9537
5427
4976
5395
8303
7136
882
3819
1802
7121
8015
300
5805
9377
4353
5112
3210
2972
8790
558
4156
5160
1630
4360
9298
7492
9240
870
4842
9643
1733
3447
7026
4896
7657
768
7662
6748
2123
5085
2047
8856
9944
4312
3622
1455
5049
7928
7484
414
434
5346
4276
4189
7840
9872
1672
8239
9895
827
5579
9870
7628
5332
7524
7411
6675
6175
7562
1631
9238
1968
6498
5686
9152
5600
1301
5567
1856
5567
7079
4658
1580
7230
1894
1587
7446
2002
7273
9287
5965
1574
5681
3538
9425
2402
5419
8602
3583
1121
8702
9734
5493
1568
2187
7111
5270
593
2904
8940
3570
1819
5956
6774
1107
7555
7517
719
5013
1610
1476
8419
6277
1604
1088
9880
4654
7855
5619
711
6733
6969
3506
5100
6418
4373
6272
6518
4716
6081
8992
6528
2317
3970
4137
8357
488
3036
4423
9918
2962
8103
8847
4169
5827
7239
5296
2594
9390
8086
8059
7051
8959
9841
7077
6766
6081
838
2540
2260
8430
3436
1768
5040
6896
7410
8112
6576
2551
2020
5875
1334
8968
5603
5008
7959
7217
2345
5952
2087
3208
5937
2292
1735
9628
1326
5724
1101
328
1919
3025
4872
7061
3417
6966
6875
1185
166
569
2711
2206
9696
3356
4381
2249
3173
9954
7793
7085
7622
3075
1638
1622
8775
9018
709
5403
2949
4480
989
553
1074
539
4864
590
4400
2375
8237
1290
7485
9659
5793
4588
5864
7458
6567
6844
1582
8026
5723
353
3772
5
4950
4305
8117
2274
7793
6475
5969
547
1535
7905
8430
2881
6724
614
6577
2688
7940
6096
3503
3280
9229
7133
5768
30
5004
1656
5659
6906
3185
9670
2062
4447
5947
9221
539
9747
5040
3844
7617
9694
3319
945
1160
2794
3894
3097
7548
1377
5946
5991
2246
748
1660
6933
8138
9810
9316
3412
2101
4802
1613
8519
4981
6996
635
7681
895
558
8591
2704
2632
5254
1936
8075
8962
1678
3011
8525
7871
7114
3511
2998
3503
4951
9196
5447
7063
2180
6200
1697
6647
2825
8936
4635
2259
1193
2190
2638
9736
1268
1721
6955
2449
7212
364
2667
6635
4347
1633
4073
7557
1821
6093
2015
267
9705
9554
8990
5756
9959
3747
3928
839
1450
7635
318
1170
9239
9505
2118
2361
9975
3174
7469
1331
938
7559
9283
6816
9922
2189
9872
9439
4516
6004
7117
3487
434
1807
3778
4207
1200
452
8503
1142
7232
2356
5953
3398
9780
3790
9641
799
2076
5904
5526
480
8949
7121
7118
9725
3182
2117
4575
830
8662
1309
505
2971
4312
7274
6688
4973
2188
5530
3362
5200
6757
1682
9198
7570
1439
3408
8746
2536
8856
6846
4814
7263
1432
8779
8003
1450
5202
2247
7535
2424
6840
1365
6356
8093
9245
5667
2417
7952
7316
6366
3887
5483
3982
4808
9673
8143
1074
6384
6726
5765
5545
8156
9325
6470
1240
9750
5363
311
7500
8049
5609
4075
3012
823
3749
1639
75
9667
6127
177
6155
100
4505
7631
1522
6029
4625
6501
8671
9866
1258
8937
2698
9667
3159
7639
445
5113
7428
103
11
6363
2609
8275
5407
2737
4193
5301
7566
9126
8835
6881
7314
8082
2408
2996
2797
3636
6823
3055
4616
5809
5737
148
1944
2073
128
2049
9820
2309
1882
9960
5742
1863
585
3950
6408
2218
5500
9628
1271
4685
5892
5766
1415
6043
6354
3486
4035
6197
9507
5871
5388
3845
3394
8544
2751
3134
6270
2282
5749
7205
4382
1070
310
3980
6969
2939
2703
6949
2835
452
4860
93
2165
6644
7952
1040
3238
6618
2401
3455
8078
4072
6280
8370
2221
2401
6645
8275
3398
953
6566
6520
4630
9970
8769
2704
1102
6520
2720
9542
7475
5906
4782
8562
9712
9562
2530
3257
5513
8289
5429
4783
9135
4703
3079
8953
3860
8565
504
9860
1419
521
9981
4803
5251
9356
1559
384
3029
8091
4896
3207
4407
2766
4704
3781
7281
943
5608
8277
603
548
4875
5358
9931
4839
3940
79
3346
3375
3758
322
3244
9034
3172
8229
9339
4738
2426
9899
1471
6918
2624
3090
6388
536
8315
6839
947
2031
4384
3608
9310
9705
2790
4486
9168
5167
3365
2273
9166
3271
7089
6278
2212
5164
2496
6189
2896
9353
9033
6641
8502
2059
4175
5002
9226
4008
6322
7031
5177
4533
7695
3197
9229
9983
7775
3866
3578
7106
7192
7872
5868
4869
5663
6847
1128
2807
6780
1658
8383
4212
1153
7782
116
3782
1435
1856
769
3200
9516
8841
2890
5133
5578
2445
4672
3635
8884
4393
7193
2312
2635
1505
1375
8873
4938
8413
7463
364
3856
3045
5065
216
8402
9149
12
4180
3904
8123
7653
592
4420
6548
9429
7352
3665
5773
3589
2875
7858
1202
2988
1485
6778
6321
9459
8197
9579
8399
4308
2907
7281
2158
3415
100
5095
706
3986
4359
5651
6406
3115
8416
8747
4215
9420
7514
7550
7926
4927
3363
9809
1877
4733
8255
9523
8923
5574
9821
3123
9938
9518
4580
2906
4334
8786
6006
5679
2910
6844
4067
1912
8421
7410
62
0
3574
3056
441
8918
7078
3319
4306
8011
1591
7732
9114
2480
3240
8631
5243
5943
4707
6579
8914
2625
2816
2700
2809
3499
1181
4408
9979
9948
8642
8413
7483
1851
3276
7526
8506
2848
942
5054
3798
4211
2915
7738
1285
1662
1672
1722
7009
3233
4233
2289
1411
6448
3944
4474
2612
9021
8616
5241
6180
6738
518
3125
3162
3521
4077
9682
5084
4125
8058
2764
5007
7237
8429
6421
979
9404
955
3410
9783
3466
2872
8098
6547
8899
5269
518
2557
5859
4823
2991
623
1222
8093
2151
2499
2652
4200
9617
3746
6167
1472
8029
3388
9682
1967
995
5044
5669
220
2282
3971
9239
3441
9716
494
9105
5215
9424
2205
6956
2268
8487
5372
94
4486
4504
1368
6298
8497
8819
4765
6606
1505
8255
7219
9891
3595
3795
5469
3857
8278
4518
8265
3437
6432
9937
1755
9308
7553
8410
130
6773
6665
4231
5947
5133
528
9333
295
9500
5466
8266
7063
2673
735
8111
9140
8004
5576
8430
3302
8024
362
6287
2598
1813
1668
1290
9440
292
8806
9796
2684
6846
754
6658
3864
2414
587
7052
7417
5025
9086
5666
1859
6166
1294
5152
5636
4580
4706
316
3397
3136
6239
8654
1420
160
4915
5119
8453
4501
140
2755
1043
8457
7735
7412
7136
4002
7207
6579
5656
125
3278
6945
4857
9067
600
4942
9804
127
3322
8358
1778
2589
5253
8173
2994
2697
3189
7688
8639
8688
4611
7004
699
4561
9154
6927
7529
2429
4672
5786
3515
8591
9278
2582
4920
8936
2418
1283
3846
2803
8261
4545
33
8471
8076
8431
1613
9460
105
400
6462
2858
9489
9920
4996
3867
9515
8900
8841
474
261
9038
7890
5297
9492
1627
6363
968
7484
5283
5057
8275
2065
4632
7151
9456
7209
8196
5902
4061
7774
5809
605
4029
3718
6093
1083
1439
6487
1892
878
6412
435
2680
4329
6046
2532
8427
2925
3560
1111
8169
4393
7765
9725
9811
9002
4194
9262
4524
2967
8785
1220
7417
5575
5470
3754
3294
7781
9554
3407
2349
9428
3990
6637
596
6870
6548
5704
1105
4737
2063
7153
6033
2699
4904
6819
2579
2615
4692
1198
3378
2402
480
7905
8927
8691
1350
5015
8219
5357
5950
5235
7222
9497
7655
6098
6176
9498
3934
9357
5343
8487
606
4052
1149
3693
9220
9125
7389
7838
2721
9680
2334
9098
1431
7099
4129
7730
6729
7391
6041
8482
6917
8324
6018
259
5090
8862
2133
5790
7457
948
518
1897
7619
6682
4271
7529
3364
7723
3598
9889
693
6344
8780
7186
5301
130
9581
304
1528
5760
8778
6006
8511
3821
728
9340
3726
195
4839
9141
8488
1912
883
5919
9091
6561
7543
3673
279
9169
321
6930
8954
7897
6936
3111
9714
1827
8474
8092
9323
3099
5169
2328
4613
8468
3767
3785
5501
5944
6526
3710
1797
5598
3700
7755
8344
5352
4446
8770
1468
2697
9880
4124
8259
2258
4308
4560
7874
9266
5019
9073
5639
3922
8922
2664
9091
6351
7505
4110
9462
2372
3256
5235
7034
1661
9660
1291
3661
3600
7267
369
1633
4691
1723
9738
719
6898
5648
3688
9165
6391
6689
583
5440
647
863
3689
5458
7624
2737
2358
6754
8996
7666
263
3550
2420
5194
4766
3402
6719
194
8205
3618
3267
6669
3954
3463
8065
1395
7843
28
2725
6244
5904
388
9332
3681
6127
9014
2276
3665
2839
2308
8692
1901
1853
3563
7239
3991
4775
132
8171
8946
1203
1508
5018
8405
8772
9522
3291
3236
6372
6088
1276
6669
4270
7515
5667
8820
2734
4860
8401
2663
6172
3336
2698
3150
2583
7533
6054
8614
202
8775
8788
9087
9556
7462
3632
8292
3492
7402
647
9182
6645
4900
6993
1979
3389
9860
2528
2065
1481
6551
7515
2860
1068
3620
2996
7805
8806
6394
331
7740
7808
7010
1601
949
544
7354
1321
9108
5339
2206
7247
9565
8155
2751
5583
9231
4900
5514
1927
312
8659
2654
569
9153
3863
6425
8832
5750
2594
4728
8106
8818
7105
1016
8225
2165
8105
5612
1738
4024
6205
4344
1745
1439
93
8104
8302
520
6315
8938
